% Curve 1: Test_DLP (1), Centerline; 
% NumberOfCurves=3; FullyAttached=No; 
% begin
14.0699 250.0002 287.7770 
14.0699 250.0002 287.2770 
14.0698 250.0002 286.7771 
14.0698 250.0002 286.2771 
14.0698 250.0002 285.7772 
14.0698 250.0002 285.2773 
14.0698 250.0002 284.7773 
14.0697 250.0002 284.2774 
14.0697 250.0002 283.7774 
14.0697 250.0003 283.2775 
14.0697 250.0003 282.7775 
14.0697 250.0003 282.2776 
14.0696 250.0003 281.7777 
14.0696 250.0003 281.2777 
14.0696 250.0003 280.7778 
14.0696 250.0003 280.2778 
14.0696 250.0003 279.7779 
14.0695 250.0003 279.2780 
14.0695 250.0003 278.7780 
14.0695 250.0003 278.2781 
14.0695 250.0003 277.7781 
14.0695 250.0003 277.2782 
14.0695 250.0003 276.7782 
14.0694 250.0003 276.2783 
14.0694 250.0003 275.7784 
14.0694 250.0004 275.2784 
14.0694 250.0004 274.7785 
14.0694 250.0004 274.2785 
14.0694 250.0004 273.7786 
14.0694 250.0004 273.2786 
14.0693 250.0004 272.7787 
14.0693 250.0004 272.2788 
14.0693 250.0004 271.7788 
14.0693 250.0004 271.2789 
14.0693 250.0004 270.7789 
14.0693 250.0004 270.2790 
14.0693 250.0004 269.7790 
14.0693 250.0004 269.2791 
14.0692 250.0004 268.7792 
14.0692 250.0004 268.2792 
14.0692 250.0004 267.7793 
14.0692 250.0004 267.2793 
14.0692 250.0004 266.7794 
14.0692 250.0004 266.2795 
14.0692 250.0004 265.7795 
14.0692 250.0004 265.2796 
14.0691 250.0005 264.7796 
14.0691 250.0005 264.2797 
14.0691 250.0005 263.7798 
14.0691 250.0005 263.2798 
14.0691 250.0005 262.7799 
14.0691 250.0005 262.2799 
14.0691 250.0005 261.7800 
14.0691 250.0005 261.2800 
14.0691 250.0005 260.7801 
14.0691 250.0005 260.2802 
14.0691 250.0005 259.7802 
14.0690 250.0005 259.2803 
14.0690 250.0005 258.7803 
14.0690 250.0005 258.2804 
14.0690 250.0005 257.7804 
14.0690 250.0005 257.2805 
14.0690 250.0005 256.7806 
14.0690 250.0005 256.2806 
14.0690 250.0005 255.7807 
14.0690 250.0005 255.2807 
14.0690 250.0005 254.7808 
14.0690 250.0005 254.2809 
14.0690 250.0005 253.7809 
14.0690 250.0005 253.2810 
14.0690 250.0005 252.7810 
14.0690 250.0005 252.2811 
14.0689 250.0005 251.7811 
14.0689 250.0005 251.2812 
14.0689 250.0005 250.7813 
14.0689 250.0005 250.2813 
14.0689 250.0005 249.7814 
14.0689 250.0005 249.2814 
14.0689 250.0005 248.7815 
14.0689 250.0005 248.2815 
14.0689 250.0005 247.7816 
14.0689 250.0005 247.2817 
14.0689 250.0005 246.7817 
14.0689 250.0005 246.2818 
14.0689 250.0005 245.7818 
14.0689 250.0005 245.2819 
14.0689 250.0005 244.7820 
14.0689 250.0005 244.2820 
14.0689 250.0005 243.7821 
14.0689 250.0005 243.2821 
14.0689 250.0005 242.7822 
14.0689 250.0005 242.2822 
14.0689 250.0005 241.7823 
14.0689 250.0005 241.2824 
14.0689 250.0005 240.7824 
14.0689 250.0005 240.2825 
14.0689 250.0005 239.7825 
14.0689 250.0005 239.2826 
14.0689 250.0005 238.7827 
14.0689 250.0005 238.2827 
14.0689 250.0005 237.7828 
14.0689 250.0005 237.2828 
14.0689 250.0005 236.7829 
14.0689 250.0005 236.2829 
14.0689 250.0005 235.7830 
14.0689 250.0005 235.2831 
14.0689 250.0005 234.7831 
14.0689 250.0005 234.2832 
14.0689 250.0005 233.7832 
14.0689 250.0005 233.2833 
14.0689 250.0005 232.7833 
14.0689 250.0005 232.2834 
14.0689 250.0004 231.7835 
14.0689 250.0004 231.2835 
14.0689 250.0004 230.7836 
14.0689 250.0004 230.2836 
14.0689 250.0004 229.7837 
14.0689 250.0004 229.2838 
14.0689 250.0004 228.7838 
14.0689 250.0004 228.2839 
14.0689 250.0004 227.7839 
14.0689 250.0004 227.2840 
14.0689 250.0004 226.7840 
14.0689 250.0004 226.2841 
14.0689 250.0004 225.7842 
14.0689 250.0004 225.2842 
14.0689 250.0004 224.7843 
14.0690 250.0004 224.2843 
14.0690 250.0004 223.7844 
14.0690 250.0004 223.2845 
14.0690 250.0003 222.7845 
14.0690 250.0003 222.2846 
14.0690 250.0003 221.7846 
14.0690 250.0003 221.2847 
14.0690 250.0003 220.7847 
14.0690 250.0003 220.2848 
14.0690 250.0003 219.7849 
14.0690 250.0003 219.2849 
14.0690 250.0003 218.7850 
14.0690 250.0003 218.2850 
14.0690 250.0003 217.7851 
14.0690 250.0003 217.2851 
14.0690 250.0002 216.7852 
14.0690 250.0002 216.2853 
14.0691 250.0002 215.7853 
14.0691 250.0002 215.2854 
14.0691 250.0002 214.7854 
14.0691 250.0002 214.2855 
14.0691 250.0002 213.7856 
14.0691 250.0002 213.2856 
14.0691 250.0002 212.7857 
14.0691 250.0002 212.2857 
14.0691 250.0002 211.7858 
14.0691 250.0001 211.2858 
14.0691 250.0001 210.7859 
14.0691 250.0001 210.2860 
14.0692 250.0001 209.7860 
14.0692 250.0001 209.2865 
14.0692 250.0001 208.7868 
14.0692 250.0001 208.2868 
14.0692 250.0001 207.7869 
14.0692 250.0000 207.2870 
14.0692 250.0000 206.7870 
14.0692 250.0000 206.2871 
14.0692 250.0000 205.7871 
14.0692 250.0000 205.2872 
14.0692 250.0000 204.7872 
14.0692 250.0000 204.2873 
14.0693 250.0000 203.7874 
14.0693 249.9999 203.2874 
14.0693 249.9999 202.7875 
14.0693 249.9999 202.2875 
14.0693 249.9999 201.7876 
14.0693 249.9999 201.2877 
14.0693 249.9999 200.7877 
14.0693 249.9999 200.2878 
14.0693 249.9998 199.7878 
14.0694 249.9998 199.2879 
14.0694 249.9998 198.7879 
14.0694 249.9998 198.2880 
14.0694 249.9998 197.7881 
14.0694 249.9998 197.2881 
14.0694 249.9997 196.7882 
14.0694 249.9997 196.2882 
14.0694 249.9997 195.7883 
14.0694 249.9997 195.2883 
14.0695 249.9997 194.7884 
14.0695 249.9997 194.2885 
14.0695 249.9996 193.7885 
14.0695 249.9996 193.2886 
14.0695 249.9996 192.7886 
14.0695 249.9996 192.2887 
14.0695 249.9996 191.7888 
14.0695 249.9996 191.2888 
14.0696 249.9995 190.7889 
14.0696 249.9994 190.2889 
14.0700 249.9983 189.7884 
14.0706 249.9967 189.2854 
14.0706 249.9967 188.7831 
14.0706 249.9966 188.2808 
14.0707 249.9966 187.7785 
14.0707 249.9966 187.2762 
14.0707 249.9966 186.7739 
14.0704 249.9973 186.2767 
14.0697 249.9993 185.8037 
14.0701 249.9982 185.3346 
14.0705 249.9971 184.8414 
14.0705 249.9971 184.3392 
14.0705 249.9971 183.8371 
14.0705 249.9971 183.3350 
14.0705 249.9971 182.8329 
14.0706 249.9971 182.3308 
14.0704 249.9975 181.8282 
14.0699 249.9988 181.3265 
14.0698 249.9991 180.8264 
14.0698 249.9991 180.3265 
14.0699 249.9991 179.8265 
14.0699 249.9990 179.3266 
14.0699 249.9990 178.8266 
14.0699 249.9990 178.3267 
14.0699 249.9990 177.8267 
14.0699 249.9989 177.3268 
14.0699 249.9989 176.8269 
14.0700 249.9989 176.3269 
14.0700 249.9989 175.8270 
14.0700 249.9988 175.3270 
14.0700 249.9988 174.8271 
14.0700 249.9988 174.3272 
14.0700 249.9988 173.8272 
14.0701 249.9987 173.3273 
14.0701 249.9987 172.8273 
14.0701 249.9987 172.3274 
14.0701 249.9987 171.8274 
14.0701 249.9986 171.3275 
14.0701 249.9986 170.8276 
14.0701 249.9986 170.3276 
14.0702 249.9986 169.8277 
14.0702 249.9985 169.3277 
14.0702 249.9985 168.8278 
14.0702 249.9985 168.3278 
14.0702 249.9984 167.8279 
14.0702 249.9984 167.3280 
14.0703 249.9984 166.8280 
14.0703 249.9984 166.3281 
14.0703 249.9983 165.8281 
14.0703 249.9983 165.3282 
14.0703 249.9983 164.8282 
14.0703 249.9982 164.3283 
14.0703 249.9982 163.8284 
14.0704 249.9982 163.3284 
14.0704 249.9981 162.8285 
14.0776 249.7277 162.3310 
14.0921 249.5756 161.8344 
14.0631 249.5482 161.3401 
14.0603 249.7985 160.8225 
14.0445 249.7934 160.2963 
14.0242 249.7012 159.7663 
14.0115 249.3761 159.3163 
14.0617 248.9819 159.0774 
14.1136 248.6925 158.8263 
14.1402 248.5505 158.4655 
14.1497 248.3520 158.0083 
14.1549 248.1536 157.5499 
14.1526 247.9548 157.0913 
14.1463 247.7556 156.6327 
14.1452 247.5569 156.1742 
14.1292 247.3570 155.7160 
14.0801 247.1500 155.2604 
14.0487 246.7612 154.8848 
13.8936 246.4461 154.5434 
13.8245 246.2458 154.1837 
13.8494 246.0796 153.8190 
14.0761 245.9224 153.4826 
14.2520 245.8348 153.1898 
14.2735 245.7148 152.8863 
14.2466 245.5882 152.5825 
14.0963 245.4577 152.2927 
14.0184 245.3215 151.9877 
14.1086 245.1840 151.6705 
14.3837 245.0706 151.3917 
14.4911 244.8851 151.0690 
14.4013 244.7202 150.7101 
14.2356 244.5651 150.3581 
13.9679 244.5027 149.9657 
13.7610 244.4840 149.5083 
13.7360 244.5699 148.9567 
13.7502 244.7015 148.4636 
13.7588 244.8967 147.9481 
13.7750 245.1377 147.5020 
13.7527 245.3226 147.0632 
13.7684 245.5051 146.6092 
13.9678 245.6477 146.2395 
14.1452 245.7225 145.8335 
14.2110 245.8049 145.3530 
14.2240 246.1128 144.9185 
14.2142 246.4936 144.5040 
14.1646 246.8526 144.1064 
14.1312 247.1397 143.6812 
14.1425 247.3214 143.2168 
14.1464 247.5040 142.7517 
14.1464 247.6859 142.2855 
14.1508 247.8669 141.8204 
14.1132 248.0507 141.5226 
14.0607 248.2862 141.2521 
13.9948 248.6971 141.0361 
14.0749 249.1620 140.6369 
% end
% begin
14.0749 249.1620 140.6369 
14.1033 249.4457 140.1018 
14.0958 249.6363 139.6165 
14.0775 249.8170 139.1505 
14.0615 249.9816 138.6369 
14.0662 249.9967 138.0801 
14.0670 249.9985 137.5634 
14.0669 249.9981 137.0604 
14.0666 249.9975 136.5586 
14.0663 249.9968 136.0569 
14.0660 249.9959 135.5552 
14.0657 249.9949 135.0534 
14.0660 249.9944 134.5514 
14.0667 249.9938 134.0508 
14.0668 249.9927 133.5508 
14.0673 249.9913 133.0510 
14.0682 249.9900 132.5511 
14.0497 249.9880 132.0511 
14.0736 250.0016 131.5517 
14.0728 250.0009 131.0518 
14.0728 250.0007 130.5519 
14.0735 250.0007 130.0519 
14.0741 250.0006 129.5520 
14.0748 250.0005 129.0520 
14.0755 250.0005 128.5521 
14.0762 250.0004 128.0522 
14.0768 250.0003 127.5522 
14.0775 250.0003 127.0523 
14.0782 250.0003 126.5523 
14.0792 250.0003 126.0524 
14.0800 250.0003 125.5525 
14.0806 250.0003 125.0525 
14.0811 250.0003 124.5526 
14.0815 250.0002 124.0527 
14.0817 250.0002 123.5527 
14.0813 250.0011 123.0528 
14.0815 250.0012 122.5528 
14.0821 250.0014 122.0529 
14.0819 250.0016 121.5530 
14.0905 249.9999 121.0531 
14.1052 249.9975 120.5518 
14.1124 249.9971 120.0497 
14.1146 249.9976 119.5481 
14.1159 249.9982 119.0465 
14.1168 249.9987 118.5449 
14.1174 249.9992 118.0433 
14.1178 249.9996 117.5416 
14.1180 249.9999 117.0400 
14.1181 250.0002 116.5383 
14.1180 250.0005 116.0367 
14.1178 250.0007 115.5351 
14.0885 250.0120 115.0359 
14.0494 250.0172 114.5535 
14.0456 250.0134 114.0856 
14.0691 250.0050 113.6049 
14.0733 249.9994 113.1068 
14.0729 249.9994 112.6051 
14.0725 249.9994 112.1035 
14.0720 249.9994 111.6018 
14.0716 249.9994 111.1002 
14.0712 249.9995 110.5986 
14.0708 249.9995 110.0971 
14.0704 249.9997 109.5955 
14.0701 249.9998 109.0941 
14.0697 250.0000 108.5927 
14.0689 250.0005 108.0912 
14.0683 250.0010 107.5911 
14.0681 250.0011 107.0912 
14.0681 250.0010 106.5913 
14.0682 250.0011 106.0913 
14.0587 250.0000 105.5911 
14.0964 250.0007 105.0925 
14.0822 249.9978 104.5925 
14.0724 250.0007 104.0928 
14.0717 250.0013 103.5930 
14.0716 250.0012 103.0930 
14.0700 250.0012 102.5931 
14.0668 250.0013 102.0934 
14.0747 249.9986 101.5930 
14.0950 249.9935 101.0927 
14.1167 249.9901 100.5933 
14.0722 249.9970 100.0940 
14.0542 250.0031 99.5950 
14.0601 249.9869 99.0943 
14.0657 249.9543 98.5948 
14.0587 249.9693 98.0949 
14.0462 250.0062 97.5964 
14.0616 249.9905 97.0953 
14.0607 249.9229 96.5959 
14.0790 249.8953 96.0966 
14.0784 249.9839 95.5966 
14.0377 250.0035 95.0984 
14.0307 250.0023 94.5987 
14.0325 250.0009 94.0987 
14.0375 249.9844 93.5980 
14.0605 249.8825 93.0984 
14.0955 249.7702 92.6063 
14.0778 249.7239 92.1094 
14.0484 249.6953 91.6106 
14.0704 249.6865 91.1092 
14.0713 249.7806 90.6017 
14.0615 249.9940 90.1078 
14.0547 250.1348 89.6270 
14.0530 250.1506 89.1298 
14.0523 250.1460 88.6289 
14.0586 250.1476 88.1285 
14.0688 250.1518 87.6281 
14.0577 250.1483 87.1271 
14.0547 250.1442 86.6263 
14.0537 250.1405 86.1255 
14.0526 250.1367 85.6246 
14.0513 250.1329 85.1238 
14.0498 250.1289 84.6230 
14.0482 250.1249 84.1222 
14.0554 250.0860 83.6186 
14.0667 250.0344 83.1163 
14.0703 250.0167 82.6160 
14.0706 250.0128 82.1160 
14.0706 250.0103 81.6161 
14.0705 249.9970 81.1162 
14.0706 249.9390 80.6187 
14.0647 249.9337 80.1197 
14.0712 249.9686 79.6178 
14.0707 249.9782 79.1176 
14.0703 249.9754 78.6178 
14.0697 249.9851 78.1177 
14.0702 249.9906 77.6176 
14.0703 249.9923 77.1176 
14.0707 249.9909 76.6177 
14.0709 249.9980 76.1178 
14.0707 249.9994 75.6178 
14.0706 249.9992 75.1178 
14.0706 250.0012 74.6179 
14.0705 249.9988 74.1180 
14.0704 249.9991 73.6180 
14.0703 250.0001 73.1181 
14.0705 249.9992 72.6181 
14.0704 249.9955 72.1182 
14.0707 249.9983 71.6181 
14.0707 249.9999 71.1181 
14.0703 249.9910 70.6183 
14.0699 249.9961 70.1181 
14.0696 249.9941 69.6182 
14.0703 249.9760 69.1186 
14.0705 249.9701 68.6187 
14.0707 249.9666 68.1188 
14.0708 249.9631 67.6189 
14.0709 249.9596 67.1189 
14.0642 249.9453 66.6191 
14.0631 249.9374 66.1192 
14.0683 249.9397 65.6193 
14.0697 249.9389 65.1194 
14.0702 249.9372 64.6194 
14.0708 249.9356 64.1195 
14.0713 249.9339 63.6195 
14.0842 249.8941 63.1196 
14.0825 249.8995 62.6196 
14.0798 249.9222 62.1199 
14.0776 249.9159 61.6199 
14.0767 249.9151 61.1200 
14.0664 249.9165 60.6200 
14.0400 249.9182 60.1198 
14.0193 249.9197 59.6193 
14.0264 249.8991 59.1193 
14.0564 249.8766 58.6192 
14.0568 249.9118 58.1200 
14.0429 249.9365 57.6201 
14.0392 249.9416 57.1200 
14.0406 249.9152 56.6196 
14.0397 249.9300 56.1199 
14.0361 249.9626 55.6202 
14.0348 249.9591 55.1202 
14.0485 249.9601 54.6208 
14.1176 249.9455 54.1217 
14.1166 249.9698 53.6222 
14.0788 249.9845 53.1226 
14.0658 249.9861 52.6223 
14.0639 249.9866 52.1223 
14.0634 249.9869 51.6223 
14.0631 249.9842 51.1223 
14.0652 249.9870 50.6225 
14.0714 249.9904 50.1229 
14.0760 249.9931 49.6232 
14.0726 249.9954 49.1231 
14.0996 249.9995 48.6237 
14.1083 250.0003 48.1236 
14.0784 250.0032 47.6243 
14.0716 250.0034 47.1243 
14.0707 250.0037 46.6244 
14.0708 250.0039 46.1244 
14.0708 250.0042 45.6245 
14.0747 250.0052 45.1246 
14.0865 250.0074 44.6240 
14.0967 250.0090 44.1219 
14.1001 250.0093 43.6201 
14.1023 250.0094 43.1185 
14.1034 250.0045 42.6170 
14.0881 250.0026 42.1166 
14.0762 250.0025 41.6160 
14.0582 250.0039 41.1157 
14.0665 250.0037 40.6135 
14.0670 250.0038 40.1119 
14.0676 250.0040 39.6102 
14.0683 250.0041 39.1085 
14.0507 249.9978 38.6187 
14.0365 249.9914 38.1513 
14.0689 249.9989 37.6770 
14.0766 250.0013 37.1783 
14.0786 250.0028 36.6769 
14.0871 250.0025 36.1759 
14.0939 250.0011 35.6748 
14.1050 250.0028 35.1741 
14.0991 250.0036 34.6720 
14.0982 250.0039 34.1704 
14.0971 250.0042 33.6688 
14.0958 250.0045 33.1672 
14.0942 250.0049 32.6657 
14.0891 250.0045 32.1637 
14.0786 250.0025 31.6623 
14.0719 250.0010 31.1624 
14.0715 250.0009 30.6625 
14.0714 250.0008 30.1625 
14.0713 250.0008 29.6626 
14.0713 250.0007 29.1626 
14.0712 250.0007 28.6627 
14.0712 250.0006 28.1628 
14.0711 250.0005 27.6628 
14.0710 250.0005 27.1629 
14.0710 250.0004 26.6629 
14.0711 250.0003 26.1630 
14.0712 250.0002 25.6630 
14.0711 250.0002 25.1631 
14.0700 250.0001 24.6632 
14.0686 250.0002 24.1633 
14.0698 250.0007 23.6634 
14.0703 250.0009 23.1634 
14.0705 250.0011 22.6634 
14.0706 250.0012 22.1635 
14.0706 250.0013 21.6635 
14.0706 250.0015 21.1636 
14.0705 250.0016 20.6637 
14.0705 250.0017 20.1637 
14.0705 250.0018 19.6638 
14.0705 250.0020 19.1638 
14.0707 250.0022 18.6639 
14.0716 250.0037 18.1638 
14.0724 250.0055 17.6623 
14.0722 250.0056 17.1607 
14.0719 250.0056 16.6591 
14.0718 250.0056 16.1574 
14.0716 250.0056 15.6558 
14.0715 250.0055 15.1541 
14.0724 250.0047 14.6574 
14.0773 250.0003 14.1824 
14.0852 249.9898 13.6779 
14.0872 249.9826 13.1336 
14.1643 250.0085 12.6064 
14.3410 250.0373 12.1208 
14.5436 250.0321 11.6536 
14.7580 250.0007 11.1973 
14.9777 249.9502 10.7476 
15.1997 249.8845 10.3022 
15.4223 249.8082 9.8602 
% end
% begin
14.0749 249.1620 140.6369 
14.0705 239.3996 147.6651 
14.0694 236.5834 149.4222 
14.0691 235.3107 150.0079 
14.0691 234.8098 150.0079 
14.0691 234.3089 150.0079 
14.0691 233.8081 150.0079 
14.0691 233.3072 150.0080 
14.0691 232.8064 150.0080 
14.0704 232.3055 150.0079 
14.0710 231.8062 150.0080 
14.0710 231.3071 150.0080 
14.0710 230.8079 150.0081 
14.0711 230.3087 150.0081 
14.0711 229.8095 150.0081 
14.0711 229.3104 150.0081 
14.0711 228.8112 150.0081 
14.0711 228.3120 150.0082 
14.0711 227.8129 150.0082 
14.0711 227.3137 150.0082 
14.0712 226.8145 150.0082 
14.0712 226.3153 150.0083 
14.0712 225.8162 150.0083 
14.0712 225.3170 150.0083 
14.0712 224.8178 150.0083 
14.0712 224.3187 150.0083 
14.0713 223.8195 150.0084 
14.0713 223.3203 150.0084 
14.0713 222.8211 150.0084 
14.0713 222.3220 150.0084 
14.0713 221.8228 150.0084 
14.0713 221.3236 150.0085 
14.0713 220.8245 150.0085 
14.0714 220.3253 150.0085 
14.0714 219.8261 150.0085 
14.0714 219.3269 150.0086 
14.0714 218.8278 150.0086 
14.0714 218.3286 150.0086 
14.0714 217.8294 150.0086 
14.0714 217.3303 150.0086 
14.0713 216.8311 150.0087 
14.0703 216.3311 150.0090 
14.0694 215.8297 150.0092 
14.0694 215.3287 150.0092 
14.0694 214.8277 150.0092 
14.0695 214.3267 150.0092 
14.0695 213.8257 150.0093 
14.0695 213.3246 150.0093 
14.0715 212.8450 150.0089 
14.0704 212.3714 150.0088 
14.0697 211.8753 150.0089 
14.0697 211.3746 150.0089 
14.0697 210.8737 150.0089 
14.0697 210.3728 150.0089 
14.0697 209.8720 150.0090 
14.0697 209.3712 150.0090 
14.0709 208.8701 150.0089 
14.0716 208.3706 150.0090 
14.0717 207.8714 150.0090 
14.0717 207.3723 150.0090 
14.0717 206.8731 150.0090 
14.0717 206.3739 150.0091 
14.0717 205.8748 150.0091 
14.0717 205.3756 150.0091 
14.0717 204.8764 150.0091 
14.0718 204.3772 150.0091 
14.0718 203.8781 150.0091 
14.0718 203.3789 150.0092 
14.0718 202.8797 150.0092 
14.0718 202.3806 150.0092 
14.0718 201.8814 150.0092 
14.0718 201.3822 150.0092 
14.0718 200.8830 150.0093 
14.0718 200.3839 150.0093 
14.0719 199.8847 150.0093 
14.0719 199.3855 150.0093 
14.0719 198.8864 150.0093 
14.0719 198.3872 150.0093 
14.0719 197.8880 150.0094 
14.0719 197.3888 150.0094 
14.0719 196.8897 150.0094 
14.0719 196.3905 150.0094 
14.0719 195.8913 150.0094 
14.0719 195.3922 150.0094 
14.0720 194.8930 150.0095 
14.0720 194.3938 150.0095 
14.0720 193.8946 150.0095 
14.0719 193.3953 150.0096 
14.0718 192.8937 150.0098 
14.0718 192.3921 150.0098 
14.0718 191.8906 150.0098 
14.0718 191.3891 150.0098 
14.0718 190.8876 150.0098 
14.0718 190.3860 150.0098 
14.0718 189.8849 150.0098 
14.0720 189.4074 150.0097 
14.0721 188.9442 150.0096 
14.0720 188.4556 150.0096 
14.0720 187.9543 150.0096 
14.0720 187.4530 150.0096 
14.0720 186.9516 150.0096 
14.0721 186.4503 150.0096 
14.0721 185.9490 150.0096 
14.0721 185.4476 150.0096 
14.0721 184.9461 150.0097 
14.0721 184.4466 150.0098 
14.0721 183.9474 150.0098 
14.0722 183.4482 150.0098 
14.0722 182.9491 150.0098 
14.0722 182.4499 150.0098 
14.0722 181.9507 150.0098 
14.0722 181.4516 150.0099 
14.0722 180.9524 150.0099 
14.0722 180.4532 150.0099 
14.0722 179.9540 150.0099 
14.0722 179.4549 150.0099 
14.0722 178.9557 150.0099 
14.0722 178.4565 150.0099 
14.0722 177.9574 150.0099 
14.0722 177.4582 150.0100 
14.0722 176.9590 150.0100 
14.0723 176.4598 150.0100 
14.0723 175.9607 150.0100 
14.0723 175.4615 150.0100 
14.0723 174.9623 150.0100 
14.0723 174.4632 150.0100 
14.0723 173.9640 150.0100 
14.0723 173.4648 150.0101 
14.0723 172.9656 150.0101 
14.0723 172.4665 150.0101 
14.0723 171.9673 150.0101 
14.0723 171.4681 150.0101 
14.0723 170.9690 150.0101 
14.0723 170.4698 150.0101 
14.0723 169.9706 150.0102 
14.0721 169.4693 150.0103 
14.0721 168.9674 150.0103 
14.0721 168.4659 150.0103 
14.0721 167.9644 150.0103 
14.0721 167.4629 150.0103 
14.0721 166.9613 150.0104 
14.0721 166.4610 150.0104 
14.0723 165.9767 150.0103 
14.0724 165.5128 150.0102 
14.0722 165.0307 150.0102 
14.0723 164.5294 150.0102 
14.0723 164.0281 150.0102 
14.0723 163.5267 150.0102 
14.0723 163.0254 150.0102 
14.0723 162.5241 150.0102 
14.0723 162.0226 150.0102 
14.0724 161.5210 150.0103 
14.0724 161.0211 150.0103 
14.0724 160.5220 150.0103 
14.0724 160.0228 150.0103 
14.0724 159.5236 150.0104 
14.0724 159.0245 150.0104 
14.0724 158.5253 150.0104 
14.0724 158.0261 150.0104 
14.0724 157.5269 150.0104 
14.0724 157.0278 150.0104 
14.0724 156.5286 150.0104 
14.0725 156.0294 150.0104 
14.0725 155.5303 150.0104 
14.0725 155.0311 150.0104 
14.0725 154.5319 150.0104 
14.0725 154.0327 150.0104 
14.0725 153.5336 150.0105 
14.0725 153.0344 150.0105 
14.0725 152.5352 150.0105 
14.0725 152.0360 150.0105 
14.0725 151.5369 150.0105 
14.0725 151.0377 150.0105 
14.0725 150.5385 150.0105 
14.0725 150.0394 150.0105 
14.0725 149.5402 150.0105 
14.0725 149.0410 150.0105 
14.0725 148.5418 150.0105 
14.0725 148.0427 150.0105 
14.0725 147.5435 150.0105 
14.0725 147.0443 150.0106 
14.0725 146.5451 150.0106 
14.0723 146.0442 150.0106 
14.0723 145.5421 150.0106 
14.0722 145.0406 150.0106 
14.0722 144.5391 150.0106 
14.0722 144.0375 150.0106 
14.0722 143.5360 150.0106 
14.0722 143.0355 150.0106 
14.0724 142.5457 150.0106 
14.0725 142.0825 150.0106 
14.0723 141.6061 150.0106 
14.0723 141.1047 150.0106 
14.0723 140.6034 150.0106 
14.0723 140.1021 150.0106 
14.0723 139.6007 150.0106 
14.0723 139.0994 150.0106 
14.0724 138.5978 150.0106 
14.0724 138.0962 150.0106 
14.0725 137.5961 150.0106 
14.0725 137.0969 150.0107 
14.0725 136.5978 150.0107 
14.0725 136.0986 150.0107 
14.0725 135.5994 150.0107 
14.0725 135.1003 150.0107 
14.0725 134.6011 150.0107 
14.0725 134.1019 150.0107 
14.0725 133.6027 150.0107 
14.0725 133.1036 150.0107 
14.0725 132.6044 150.0107 
14.0725 132.1052 150.0107 
14.0725 131.6061 150.0107 
14.0725 131.1069 150.0107 
14.0725 130.6077 150.0107 
14.0725 130.1085 150.0107 
14.0725 129.6094 150.0107 
14.0725 129.1102 150.0107 
14.0725 128.6110 150.0107 
14.0725 128.1119 150.0107 
14.0725 127.6127 150.0107 
14.0725 127.1135 150.0107 
14.0725 126.6143 150.0107 
14.0725 126.1152 150.0107 
14.0725 125.6160 150.0107 
14.0725 125.1168 150.0107 
14.0725 124.6177 150.0107 
14.0725 124.1185 150.0107 
14.0725 123.6193 150.0107 
14.0725 123.1201 150.0107 
14.0725 122.6210 150.0107 
14.0725 122.1218 150.0107 
14.0725 121.6226 150.0107 
14.0725 121.1235 150.0107 
14.0725 120.6243 150.0107 
14.0725 120.1251 150.0107 
14.0725 119.6259 150.0107 
14.0725 119.1268 150.0108 
14.0725 118.6275 150.0108 
14.0725 118.1290 150.0108 
14.0725 117.6301 150.0108 
14.0725 117.1309 150.0108 
14.0725 116.6318 150.0108 
14.0725 116.1326 150.0108 
14.0725 115.6334 150.0108 
14.0725 115.1342 150.0108 
14.0725 114.6351 150.0108 
14.0725 114.1359 150.0107 
14.0725 113.6367 150.0107 
14.0725 113.1375 150.0107 
14.0725 112.6384 150.0107 
14.0725 112.1392 150.0107 
14.0725 111.6400 150.0107 
14.0725 111.1409 150.0107 
14.0724 110.6417 150.0107 
14.0724 110.1425 150.0107 
14.0724 109.6433 150.0107 
14.0724 109.1442 150.0107 
14.0724 108.6450 150.0107 
14.0724 108.1458 150.0107 
14.0724 107.6467 150.0107 
14.0724 107.1475 150.0107 
14.0724 106.6483 150.0107 
14.0724 106.1491 150.0107 
14.0724 105.6500 150.0107 
14.0724 105.1508 150.0107 
14.0724 104.6516 150.0107 
14.0724 104.1525 150.0107 
14.0724 103.6533 150.0107 
14.0724 103.1541 150.0107 
14.0724 102.6549 150.0107 
14.0724 102.1558 150.0107 
14.0724 101.6566 150.0107 
14.0724 101.1574 150.0107 
14.0724 100.6583 150.0107 
14.0724 100.1591 150.0107 
14.0724 99.6599 150.0107 
14.0724 99.1607 150.0107 
14.0721 98.6615 150.0107 
14.0713 98.1608 150.0107 
14.0708 97.6594 150.0107 
14.0707 97.1584 150.0107 
14.0706 96.6574 150.0107 
14.0705 96.1564 150.0107 
14.0704 95.6554 150.0107 
14.0710 95.1586 150.0107 
14.0723 94.6851 150.0106 
14.0707 94.2067 150.0106 
14.0706 93.7067 150.0106 
14.0706 93.2058 150.0106 
14.0707 92.7049 150.0106 
14.0708 92.2041 150.0106 
14.0709 91.7032 150.0105 
14.0712 91.2022 150.0105 
14.0720 90.7016 150.0106 
14.0723 90.2023 150.0106 
14.0723 89.7031 150.0106 
14.0723 89.2039 150.0106 
14.0723 88.7048 150.0106 
14.0722 88.2056 150.0106 
14.0722 87.7064 150.0106 
14.0722 87.2072 150.0106 
14.0722 86.7081 150.0106 
14.0722 86.2089 150.0105 
14.0722 85.7097 150.0105 
14.0722 85.2106 150.0105 
14.0722 84.7114 150.0105 
14.0722 84.2122 150.0105 
14.0722 83.7130 150.0105 
14.0722 83.2139 150.0105 
14.0722 82.7147 150.0105 
14.0722 82.2155 150.0105 
14.0722 81.7164 150.0105 
14.0722 81.2172 150.0105 
14.0722 80.7180 150.0105 
14.0721 80.2188 150.0105 
14.0721 79.7197 150.0105 
14.0721 79.2205 150.0104 
14.0721 78.7213 150.0104 
14.0721 78.2221 150.0104 
14.0721 77.7230 150.0104 
14.0721 77.2238 150.0104 
14.0721 76.7246 150.0104 
14.0721 76.2255 150.0104 
14.0721 75.7263 150.0104 
14.0719 75.2271 150.0104 
14.0711 74.7266 150.0104 
14.0705 74.2252 150.0104 
14.0703 73.7242 150.0104 
14.0702 73.2232 150.0104 
14.0701 72.7221 150.0104 
14.0701 72.2211 150.0104 
14.0706 71.7243 150.0104 
14.0720 71.2466 150.0103 
14.0708 70.7682 150.0102 
14.0702 70.2714 150.0101 
14.0703 69.7705 150.0101 
14.0703 69.2697 150.0101 
14.0704 68.7688 150.0101 
14.0705 68.2680 150.0101 
14.0708 67.7669 150.0101 
14.0716 67.2661 150.0101 
14.0719 66.7667 150.0102 
14.0719 66.2675 150.0102 
14.0719 65.7683 150.0102 
14.0719 65.2691 150.0102 
14.0719 64.7700 150.0101 
14.0719 64.2708 150.0101 
14.0719 63.7716 150.0101 
14.0719 63.2725 150.0101 
14.0719 62.7733 150.0101 
14.0719 62.2741 150.0101 
14.0719 61.7749 150.0101 
14.0719 61.2758 150.0101 
14.0718 60.7766 150.0101 
14.0718 60.2774 150.0100 
14.0718 59.7783 150.0100 
14.0718 59.2791 150.0100 
14.0718 58.7799 150.0100 
14.0718 58.2807 150.0100 
14.0718 57.7816 150.0100 
14.0718 57.2824 150.0100 
14.0718 56.7832 150.0099 
14.0718 56.2841 150.0099 
14.0718 55.7849 150.0099 
14.0717 55.2857 150.0099 
14.0717 54.7865 150.0099 
14.0717 54.2874 150.0099 
14.0717 53.7882 150.0099 
14.0717 53.2890 150.0098 
14.0717 52.7899 150.0098 
14.0717 52.2907 150.0098 
14.0715 51.7915 150.0098 
14.0708 51.2913 150.0098 
14.0700 50.7898 150.0098 
14.0699 50.2888 150.0098 
14.0698 49.7878 150.0098 
14.0697 49.2868 150.0098 
14.0696 48.7858 150.0098 
14.0701 48.2886 150.0098 
14.0716 47.8073 150.0097 
14.0707 47.3294 150.0095 
14.0697 46.8355 150.0094 
14.0698 46.3346 150.0094 
14.0699 45.8337 150.0094 
14.0699 45.3329 150.0093 
14.0700 44.8320 150.0093 
14.0703 44.3309 150.0093 
14.0711 43.8301 150.0094 
14.0715 43.3305 150.0095 
14.0715 42.8313 150.0095 
14.0715 42.3322 150.0095 
14.0715 41.8330 150.0095 
14.0715 41.3338 150.0095 
14.0715 40.8346 150.0094 
14.0715 40.3355 150.0094 
14.0714 39.8363 150.0094 
14.0714 39.3371 150.0094 
14.0714 38.8380 150.0094 
14.0714 38.3388 150.0094 
14.0714 37.8396 150.0093 
14.0714 37.3404 150.0093 
14.0714 36.8413 150.0093 
14.0714 36.3421 150.0093 
14.0714 35.8429 150.0093 
14.0713 35.3438 150.0092 
14.0713 34.8446 150.0092 
14.0713 34.3454 150.0092 
14.0713 33.8462 150.0092 
14.0713 33.3471 150.0092 
14.0713 32.8479 150.0091 
14.0713 32.3487 150.0091 
14.0713 31.8495 150.0091 
14.0713 31.3504 150.0091 
14.0712 30.8512 150.0091 
14.0712 30.3520 150.0090 
14.0712 29.8529 150.0090 
14.0712 29.3537 150.0090 
14.0712 28.8545 150.0090 
14.0711 28.3553 150.0090 
14.0704 27.8555 150.0090 
14.0695 27.3541 150.0090 
14.0693 26.8531 150.0090 
14.0692 26.3521 150.0089 
14.0691 25.8511 150.0089 
14.0690 25.3501 150.0089 
14.0695 24.8522 150.0089 
14.0709 24.3677 150.0088 
14.0704 23.8908 150.0086 
14.0692 23.3995 150.0084 
14.0692 22.8986 150.0084 
14.0693 22.3978 150.0084 
14.0693 21.8969 150.0083 
14.0694 21.3961 150.0083 
14.0697 20.8950 150.0083 
14.0704 20.3940 150.0084 
14.0709 19.8943 150.0085 
14.0710 19.3952 150.0086 
14.0710 18.8960 150.0086 
14.0709 18.3968 150.0085 
14.0709 17.8977 150.0085 
14.0709 17.3985 150.0085 
14.0709 16.8993 150.0085 
14.0709 16.4001 150.0084 
14.0709 15.9010 150.0084 
14.0709 15.4018 150.0084 
14.0709 14.9026 150.0084 
14.0708 14.4034 150.0083 
14.0708 13.9043 150.0083 
14.0708 13.4051 150.0083 
14.0708 12.9059 150.0083 
14.0714 12.4058 150.0083 
14.2029 11.9440 150.0115 
14.4059 11.5104 150.0153 
14.7808 11.1722 150.0206 
15.1623 10.8499 150.0269 
15.3802 10.3692 149.9835 
15.6166 9.9003 149.9923 
15.8654 9.4487 149.9343 
16.1743 9.0514 149.9155 
16.5242 8.6979 149.8651 
16.8745 8.3445 149.8212 
17.2318 8.0228 149.6495 
17.6029 7.7266 149.4701 
% end
